f <- c("SNPP_VIIRS.20220430T055401.L2.OC.nc", "SNPP_VIIRS.20220430T041801.L2.OC.nc", 
"SNPP_VIIRS.20220430T041200.L2.OC.nc", "SNPP_VIIRS.20220430T023600.L2.OC.nc", 
"SNPP_VIIRS.20220429T043600.L2.OC.nc", "SNPP_VIIRS.20220429T043000.L2.OC.nc", 
"SNPP_VIIRS.20220429T030000.L2.OC.nc", "SNPP_VIIRS.20220429T025401.L2.OC.nc", 
"SNPP_VIIRS.20220428T045400.L2.OC.nc", "SNPP_VIIRS.20220428T031801.L2.OC.nc", 
"SNPP_VIIRS.20220428T031200.L2.OC.nc", "SNPP_VIIRS.20220427T051800.L2.OC.nc", 
"SNPP_VIIRS.20220427T051201.L2.OC.nc", "SNPP_VIIRS.20220427T033600.L2.OC.nc", 
"SNPP_VIIRS.20220427T033000.L2.OC.nc", "SNPP_VIIRS.20220426T053000.L2.OC.nc", 
"SNPP_VIIRS.20220426T035400.L2.OC.nc", "SNPP_VIIRS.20220426T034801.L2.OC.nc", 
"SNPP_VIIRS.20220425T054800.L2.OC.nc", "SNPP_VIIRS.20220425T041201.L2.OC.nc", 
"SNPP_VIIRS.20220425T040601.L2.OC.nc", "SNPP_VIIRS.20220424T060601.L2.OC.nc", 
"SNPP_VIIRS.20220424T043001.L2.OC.nc", "SNPP_VIIRS.20220424T042400.L2.OC.nc", 
"SNPP_VIIRS.20220424T025400.L2.OC.nc", "SNPP_VIIRS.20220424T024800.L2.OC.nc", 
"SNPP_VIIRS.20220423T044800.L2.OC.nc", "SNPP_VIIRS.20220423T031200.L2.OC.nc", 
"SNPP_VIIRS.20220423T030601.L2.OC.nc", "SNPP_VIIRS.20220422T051200.L2.OC.nc", 
"SNPP_VIIRS.20220422T050600.L2.OC.nc", "SNPP_VIIRS.20220422T033001.L2.OC.nc", 
"SNPP_VIIRS.20220422T032400.L2.OC.nc", "SNPP_VIIRS.20220421T053000.L2.OC.nc", 
"SNPP_VIIRS.20220421T052401.L2.OC.nc", "SNPP_VIIRS.20220421T034801.L2.OC.nc", 
"SNPP_VIIRS.20220421T034200.L2.OC.nc", "SNPP_VIIRS.20220420T054201.L2.OC.nc", 
"SNPP_VIIRS.20220420T040600.L2.OC.nc", "SNPP_VIIRS.20220420T040001.L2.OC.nc", 
"SNPP_VIIRS.20220419T060000.L2.OC.nc", "SNPP_VIIRS.20220419T042400.L2.OC.nc", 
"SNPP_VIIRS.20220419T041801.L2.OC.nc", "SNPP_VIIRS.20220419T024200.L2.OC.nc", 
"SNPP_VIIRS.20220418T044201.L2.OC.nc", "SNPP_VIIRS.20220418T043600.L2.OC.nc", 
"SNPP_VIIRS.20220418T030600.L2.OC.nc", "SNPP_VIIRS.20220418T030000.L2.OC.nc", 
"SNPP_VIIRS.20220417T050000.L2.OC.nc", "SNPP_VIIRS.20220417T032400.L2.OC.nc", 
"SNPP_VIIRS.20220417T031801.L2.OC.nc", "SNPP_VIIRS.20220416T052400.L2.OC.nc", 
"SNPP_VIIRS.20220416T051800.L2.OC.nc", "SNPP_VIIRS.20220416T034201.L2.OC.nc", 
"SNPP_VIIRS.20220416T033601.L2.OC.nc", "SNPP_VIIRS.20220415T053601.L2.OC.nc", 
"SNPP_VIIRS.20220415T040001.L2.OC.nc", "SNPP_VIIRS.20220415T035400.L2.OC.nc", 
"SNPP_VIIRS.20220414T055401.L2.OC.nc", "SNPP_VIIRS.20220414T041800.L2.OC.nc", 
"SNPP_VIIRS.20220414T041200.L2.OC.nc", "SNPP_VIIRS.20220414T023601.L2.OC.nc", 
"SNPP_VIIRS.20220413T043600.L2.OC.nc", "SNPP_VIIRS.20220413T043001.L2.OC.nc", 
"SNPP_VIIRS.20220413T030001.L2.OC.nc", "SNPP_VIIRS.20220413T025400.L2.OC.nc", 
"SNPP_VIIRS.20220412T045401.L2.OC.nc", "SNPP_VIIRS.20220412T031800.L2.OC.nc", 
"SNPP_VIIRS.20220412T031200.L2.OC.nc", "SNPP_VIIRS.20220411T051801.L2.OC.nc", 
"SNPP_VIIRS.20220411T051200.L2.OC.nc", "SNPP_VIIRS.20220411T033600.L2.OC.nc", 
"SNPP_VIIRS.20220411T033001.L2.OC.nc", "SNPP_VIIRS.20220410T053000.L2.OC.nc", 
"SNPP_VIIRS.20220410T035401.L2.OC.nc", "SNPP_VIIRS.20220410T034801.L2.OC.nc", 
"SNPP_VIIRS.20220409T054801.L2.OC.nc", "SNPP_VIIRS.20220409T041201.L2.OC.nc", 
"SNPP_VIIRS.20220409T040600.L2.OC.nc", "SNPP_VIIRS.20220408T060601.L2.OC.nc", 
"SNPP_VIIRS.20220408T043000.L2.OC.nc", "SNPP_VIIRS.20220408T042400.L2.OC.nc", 
"SNPP_VIIRS.20220408T025400.L2.OC.nc", "SNPP_VIIRS.20220408T024801.L2.OC.nc", 
"SNPP_VIIRS.20220407T044800.L2.OC.nc", "SNPP_VIIRS.20220407T031201.L2.OC.nc", 
"SNPP_VIIRS.20220407T030600.L2.OC.nc", "SNPP_VIIRS.20220406T051200.L2.OC.nc", 
"SNPP_VIIRS.20220406T050601.L2.OC.nc", "SNPP_VIIRS.20220406T033001.L2.OC.nc", 
"SNPP_VIIRS.20220406T032400.L2.OC.nc", "SNPP_VIIRS.20220405T053001.L2.OC.nc", 
"SNPP_VIIRS.20220405T052401.L2.OC.nc", "SNPP_VIIRS.20220405T034800.L2.OC.nc", 
"SNPP_VIIRS.20220405T034201.L2.OC.nc", "SNPP_VIIRS.20220404T054200.L2.OC.nc", 
"SNPP_VIIRS.20220404T040600.L2.OC.nc", "SNPP_VIIRS.20220404T040001.L2.OC.nc", 
"SNPP_VIIRS.20220403T060000.L2.OC.nc", "SNPP_VIIRS.20220403T042401.L2.OC.nc", 
"SNPP_VIIRS.20220403T041800.L2.OC.nc", "SNPP_VIIRS.20220403T024200.L2.OC.nc", 
"SNPP_VIIRS.20220402T044200.L2.OC.nc", "SNPP_VIIRS.20220402T043600.L2.OC.nc", 
"SNPP_VIIRS.20220402T030600.L2.OC.nc", "SNPP_VIIRS.20220402T030001.L2.OC.nc", 
"SNPP_VIIRS.20220401T050600.L2.OC.nc", "SNPP_VIIRS.20220401T050000.L2.OC.nc", 
"SNPP_VIIRS.20220401T032401.L2.OC.nc", "SNPP_VIIRS.20220401T031801.L2.OC.nc"
)

dl <- sprintf("wget --load-cookies ~/.urs_cookies --save-cookies ~/.urs_cookies --auth-no-challenge=on --content-disposition '%s'", file.path("https://oceandata.sci.gsfc.nasa.gov/ob/getfile", f))
for (i in seq_along(dl)) system(dl[i])
